2,9
4,1
4,3
4,0
237,2
236,4
236,2
235,4
234,6
234,5
233,5
232,4
232,3
232,2
232,1
223,3
223,1
223,0
222,3
222,1
222,0
23,3
23,1
23,0
22,3
22,1
22,0
21,3
21,1
21,0
20,3
20,1
20,0
19,3
19,1
19,0
18,3
18,1
18,0
17,3
17,1
17,0
16,3
16,1
16,0
15,3
15,1
15,0
14,3
14,1
14,0
13,3
13,1
13,0
12,3
12,1
12,0
11,3
11,1
11,0
10,3
10,1
6,1
6,4
5,1
5,3
2,10
0,439
0,351
0,343
0,341
0,322
1,1
1,3
1,0
237,1
237,3
237,0
236,1
236,3
236,0
234,1
234,3
234,0
233,1
233,3
233,0
235,1
235,3
2,1
235,0
2,4
2,3
2,0
9,1
9,3
9,0
245,1
245,3
0,442
245,0
0,9
0,310
0,305
0,308
0,304
0,303
0,302
0,307
0,12
0,438
0,10
0,8
0,0
0,430
0,300
0,429
0,299
0,428
0,298
0,427
0,297
0,426
0,296
0,425
0,295
0,424
0,294
0,423
0,293
0,422
0,292
0,421
0,291
0,441
0,290
0,419
0,289
0,418
0,288
0,417
0,287
0,390
0,286
0,415
0,285
0,414
0,284
0,413
0,283
0,412
0,282
0,437
0,281
0,280
0,435
0,279
0,410
0,278
0,409
0,277
0,407
0,276
0,434
0,275
0,406
0,274
0,436
0,273
0,405
0,272
0,404
0,271
0,403
0,270
0,433
0,269
0,402
0,268
0,401
0,267
0,400
0,266
0,399
0,265
0,264
0,397
0,263
0,396
0,262
0,395
0,261
0,394
0,260
0,393
0,259
0,386
0,258
0,391
0,257
0,256
0,389
0,255
0,388
0,254
0,372
0,253
0,387
0,252
0,251
0,371
0,250
0,370
0,249
0,385
0,248
0,384
0,247
0,383
0,246
0,382
0,245
0,381
0,244
0,432
0,242
0,380
0,241
0,369
0,240
0,440
0,239
0,378
0,238
0,377
0,237
0,431
0,236
0,376
0,235
0,375
0,234
0,392
0,233
0,373
0,232
0,368
0,231
0,367
0,230
